
                                                 90
            37  36   35   34  33   32   31  56   89
            38  17   16   15  14   13   30  55   88
            39  18    5    4   3   12   29  54   87
            40  19    6    1   2   11   28  53   86
            41  20    7    8   9   10   27  52   85
            42  21   22   23  24   25   26  51   84
            43  44   45   46  47   48   49  50   83
                                                 82

                            1     9    17   25  33  


147  142  133  122   59
304    5    4    2   57
330   10    1    1   54
351   11   23   25   26
362  747  806--->   ...


1   2   3   4   5   6   7   8   9   10  11  12  13  14      15      16      17      18      19      20      21

    1   1   2   4   5   10  11  23  25  26  54  57  59  122     133     142     147     304     330     351     362

        