  [ 1427, 2311 ],
  [ 1951, 2311 ],
      [ 3079, 2311 ],
  [ 2729, 1951 ],
  [ 2473, 1171 ],
  [ 1489, 1171 ],
  [ 1489, 1427 ],
  [ 2729, 1427 ],
  [ 2473, 1427 ],
  [ 2971, 1489 ],
      [ 3079, 2473 ],
  [ 2729, 2971 ]



3079   2311

2473   1427



  [ 1427, 2311 ]
  [ 1951, 2311 ]

  [ 2473, 1171 ]
  [ 2473, 1427 ]



  [ 1427, 2311 ] 
  [ 1951, 2311 ]
  [ 3079, 2311 ] 
  [ 2729, 1951 ]
  [ 2473, 1171 ] 
  [ 1489, 1171 ]
  [ 1489, 1427 ] 
  [ 2729, 1427 ]
  [ 2473, 1427 ] 
  [ 2971, 1489 ]
  [ 3079, 2473 ] 
  [ 2729, 2971 ]


  
